28.505149978319906
28.924279286061882
29.113943352306837
29.17609125905568
29.342422680822207
29.342422680822207
29.342422680822207
29.531478917042254
29.633468455579585
29.7160033436348
29.72427586960079
29.75587485567249
29.799340549453582
29.845098040014257
29.89209460269048
29.897627091290442
29.913813852383715
29.924279286061882
29.93951925261862
29.93951925261862
29.954242509439325
29.959041392321094
29.959041392321094
29.99563519459755
30.
30.
30.
30.
30.041392685158225
30.079181246047625
30.079181246047625
30.079181246047625
30.113943352306837
30.146128035678238
30.146128035678238
30.17609125905568
30.17609125905568
30.204119982655925
30.204119982655925
30.230448921378272
30.230448921378272
30.230448921378272
30.230448921378272
30.230448921378272
30.230448921378272
30.230448921378272
30.255272505103306
30.255272505103306
30.255272505103306
30.255272505103306
30.255272505103306
30.27875360095283
30.27875360095283
30.32221929473392
30.32221929473392
30.32221929473392
30.32221929473392
30.342422680822207
30.342422680822207
30.342422680822207
30.361727836017593
30.380211241711606
30.397940008672037
30.397940008672037
30.397940008672037
30.397940008672037
30.397940008672037
30.397940008672037
30.414973347970818
30.44715803134222
30.44715803134222
30.44715803134222
30.44715803134222
30.44715803134222
30.462397997898957
30.462397997898957
30.462397997898957
30.462397997898957
30.49136169383427
30.49136169383427
30.49136169383427
30.49136169383427
30.505149978319906
30.505149978319906
30.505149978319906
30.505149978319906
30.505149978319906
30.518513939877888
30.518513939877888
30.531478917042254
30.531478917042254
30.544068044350276
30.544068044350276
30.556302500767288
30.556302500767288
30.556302500767288
30.556302500767288
30.568201724066995
30.568201724066995
30.568201724066995
30.568201724066995
30.57978359661681
30.57978359661681
30.57978359661681
30.5910646070265
30.5910646070265
30.5910646070265
30.5910646070265
30.602059991327963
30.602059991327963
30.612783856719734
30.612783856719734
30.633468455579585
30.633468455579585
30.633468455579585
30.633468455579585
30.633468455579585
30.643452676486188
30.643452676486188
30.643452676486188
30.643452676486188
30.653212513775344
30.653212513775344
30.653212513775344
30.653212513775344
30.653212513775344
30.662757831681574
30.662757831681574
30.672097857935718
30.672097857935718
30.672097857935718
30.672097857935718
30.681241237375588
30.681241237375588
30.690196080028514
30.690196080028514
30.707570176097935
30.7160033436348
30.72427586960079
30.72427586960079
30.72427586960079
30.73239375982297
30.7481880270062
30.7481880270062
30.7481880270062
30.76342799356294
30.76342799356294
30.76342799356294
30.76342799356294
30.770852011642145
30.778151250383644
30.778151250383644
30.785329835010767
30.785329835010767
30.785329835010767
30.792391689498253
30.792391689498253
30.792391689498253
30.799340549453582
30.806179973983888
30.812913356642856
30.812913356642856
30.812913356642856
30.81954393554187
30.81954393554187
30.81954393554187
30.832508912706235
30.832508912706235
30.832508912706235
30.832508912706235
30.832508912706235
30.838849090737256
30.838849090737256
30.838849090737256
30.845098040014257
30.845098040014257
30.845098040014257
30.851258348719075
30.851258348719075
30.863322860120455
30.863322860120455
30.863322860120455
30.863322860120455
30.869231719730976
30.869231719730976
30.869231719730976
30.869231719730976
30.8750612633917
30.8750612633917
30.88081359228079
30.88081359228079
30.886490725172482
30.886490725172482
30.89209460269048
30.89209460269048
30.89209460269048
30.897627091290442
30.897627091290442
30.903089986991944
30.90848501887865
30.90848501887865
30.913813852383715
30.913813852383715
30.913813852383715
30.919078092376076
30.919078092376076
30.924279286061882
30.92941892571429
30.934498451243567
30.93951925261862
30.93951925261862
30.93951925261862
30.94448267215017
30.94448267215017
30.94448267215017
30.94448267215017
30.94448267215017
30.94939000664491
30.94939000664491
30.94939000664491
30.954242509439325
30.954242509439325
30.954242509439325
30.963787827345556
30.963787827345556
30.963787827345556
30.963787827345556
30.968482948553934
30.968482948553934
30.968482948553934
30.968482948553934
30.968482948553934
30.9731278535997
30.977723605288848
30.98227123303957
30.986771734266245
30.986771734266245
30.991226075692495
30.991226075692495
30.991226075692495
30.99563519459755
30.99563519459755
31.
31.
31.
31.
31.
31.041392685158225
31.041392685158225
31.041392685158225
31.041392685158225
31.041392685158225
31.041392685158225
31.041392685158225
31.041392685158225
31.041392685158225
31.041392685158225
31.041392685158225
31.041392685158225
31.041392685158225
31.041392685158225
31.041392685158225
31.041392685158225
31.041392685158225
31.041392685158225
31.041392685158225
31.079181246047625
31.079181246047625
31.079181246047625
31.079181246047625
31.079181246047625
31.079181246047625
31.079181246047625
31.079181246047625
31.079181246047625
31.079181246047625
31.079181246047625
31.079181246047625
31.079181246047625
31.079181246047625
31.079181246047625
31.079181246047625
31.079181246047625
31.079181246047625
31.079181246047625
31.079181246047625
31.113943352306837
31.113943352306837
31.113943352306837
31.113943352306837
31.113943352306837
31.113943352306837
31.113943352306837
31.113943352306837
31.113943352306837
31.113943352306837
31.113943352306837
31.146128035678238
31.146128035678238
31.146128035678238
31.146128035678238
31.146128035678238
31.146128035678238
31.146128035678238
31.146128035678238
31.146128035678238
31.146128035678238
31.146128035678238
31.146128035678238
31.146128035678238
31.146128035678238
31.17609125905568
31.17609125905568
31.17609125905568
31.17609125905568
31.17609125905568
31.17609125905568
31.17609125905568
31.17609125905568
31.17609125905568
31.17609125905568
31.17609125905568
31.17609125905568
31.17609125905568
31.17609125905568
31.17609125905568
31.204119982655925
31.204119982655925
31.204119982655925
31.204119982655925
31.204119982655925
31.204119982655925
31.204119982655925
31.204119982655925
31.204119982655925
31.204119982655925
31.204119982655925
31.204119982655925
31.204119982655925
31.230448921378272
31.230448921378272
31.230448921378272
31.230448921378272
31.230448921378272
31.255272505103306
31.255272505103306
31.255272505103306
31.255272505103306
31.255272505103306
31.255272505103306
31.255272505103306
31.255272505103306
31.255272505103306
31.27875360095283
31.27875360095283
31.27875360095283
31.27875360095283
31.27875360095283
31.27875360095283
31.27875360095283
31.30102999566398
31.30102999566398
31.30102999566398
31.30102999566398
31.30102999566398
31.30102999566398
31.30102999566398
31.30102999566398
31.30102999566398
31.30102999566398
31.30102999566398
31.32221929473392
31.32221929473392
31.32221929473392
31.32221929473392
31.32221929473392
31.32221929473392
31.32221929473392
31.32221929473392
31.32221929473392
31.32221929473392
31.32221929473392
31.32221929473392
31.32221929473392
31.342422680822207
31.342422680822207
31.342422680822207
31.342422680822207
31.342422680822207
31.342422680822207
31.342422680822207
31.342422680822207
31.342422680822207
31.342422680822207
31.342422680822207
31.342422680822207
31.342422680822207
31.342422680822207
31.361727836017593
31.361727836017593
31.361727836017593
31.380211241711606
31.380211241711606
31.380211241711606
31.380211241711606
31.380211241711606
31.380211241711606
31.380211241711606
31.380211241711606
31.380211241711606
31.397940008672037
31.397940008672037
31.397940008672037
31.397940008672037
31.414973347970818
31.414973347970818
31.414973347970818
31.414973347970818
31.431363764158988
31.431363764158988
31.431363764158988
31.431363764158988
31.431363764158988
31.431363764158988
31.44715803134222
31.44715803134222
31.44715803134222
31.44715803134222
31.44715803134222
31.44715803134222
31.44715803134222
31.462397997898957
31.462397997898957
31.462397997898957
31.462397997898957
31.462397997898957
31.462397997898957
31.462397997898957
31.462397997898957
31.462397997898957
31.477121254719663
31.477121254719663
31.477121254719663
31.477121254719663
31.477121254719663
31.477121254719663
31.477121254719663
31.477121254719663
31.477121254719663
31.477121254719663
31.477121254719663
31.477121254719663
31.477121254719663
31.477121254719663
31.477121254719663
31.49136169383427
31.49136169383427
31.49136169383427
31.49136169383427
31.505149978319906
31.505149978319906
31.505149978319906
31.505149978319906
31.505149978319906
31.518513939877888
31.518513939877888
31.518513939877888
31.518513939877888
31.518513939877888
31.518513939877888
31.518513939877888
31.518513939877888
31.531478917042254
31.531478917042254
31.531478917042254
31.531478917042254
31.544068044350276
31.544068044350276
31.544068044350276
31.544068044350276
31.544068044350276
31.544068044350276
31.544068044350276
31.544068044350276
31.544068044350276
31.544068044350276
31.556302500767288
31.556302500767288
31.556302500767288
31.556302500767288
31.556302500767288
31.556302500767288
31.556302500767288
31.568201724066995
31.568201724066995
31.568201724066995
31.568201724066995
31.57978359661681
31.57978359661681
31.57978359661681
31.57978359661681
31.5910646070265
31.5910646070265
31.5910646070265
31.5910646070265
31.5910646070265
31.5910646070265
31.602059991327963
31.602059991327963
31.602059991327963
31.602059991327963
31.602059991327963
31.602059991327963
31.612783856719734
31.612783856719734
31.612783856719734
31.612783856719734
31.612783856719734
31.612783856719734
31.6232492903979
31.6232492903979
31.6232492903979
31.633468455579585
31.633468455579585
31.643452676486188
31.643452676486188
31.643452676486188
31.643452676486188
31.643452676486188
31.643452676486188
31.643452676486188
31.653212513775344
31.653212513775344
31.653212513775344
31.653212513775344
31.653212513775344
31.662757831681574
31.662757831681574
31.662757831681574
31.662757831681574
31.662757831681574
31.662757831681574
31.662757831681574
31.672097857935718
31.672097857935718
31.672097857935718
31.672097857935718
31.681241237375588
31.681241237375588
31.681241237375588
31.681241237375588
31.681241237375588
31.681241237375588
31.681241237375588
31.681241237375588
31.690196080028514
31.690196080028514
31.69897000433602
31.69897000433602
31.707570176097935
31.707570176097935
31.707570176097935
31.707570176097935
31.707570176097935
31.707570176097935
31.707570176097935
31.707570176097935
31.707570176097935
31.7160033436348
31.7160033436348
31.7160033436348
31.7160033436348
31.7160033436348
31.7160033436348
31.7160033436348
31.7160033436348
31.72427586960079
31.72427586960079
31.72427586960079
31.72427586960079
31.72427586960079
31.72427586960079
31.72427586960079
31.73239375982297
31.73239375982297
31.740362689494244
31.7481880270062
31.7481880270062
31.75587485567249
31.75587485567249
31.76342799356294
31.770852011642145
31.770852011642145
31.778151250383644
31.778151250383644
31.785329835010767
31.785329835010767
31.785329835010767
31.792391689498253
31.792391689498253
31.792391689498253
31.799340549453582
31.799340549453582
31.799340549453582
31.806179973983888
31.806179973983888
31.806179973983888
31.806179973983888
31.806179973983888
31.812913356642856
31.812913356642856
31.812913356642856
31.812913356642856
31.81954393554187
31.81954393554187
31.81954393554187
31.826074802700827
31.826074802700827
31.826074802700827
31.826074802700827
31.826074802700827
31.826074802700827
31.832508912706235
31.832508912706235
31.832508912706235
31.838849090737256
31.838849090737256
31.838849090737256
31.845098040014257
31.851258348719075
31.851258348719075
31.851258348719075
31.851258348719075
31.851258348719075
31.851258348719075
31.85733249643127
31.85733249643127
31.85733249643127
31.85733249643127
31.863322860120455
31.863322860120455
31.863322860120455
31.863322860120455
31.863322860120455
31.869231719730976
31.869231719730976
31.869231719730976
31.869231719730976
31.869231719730976
31.869231719730976
31.8750612633917
31.88081359228079
31.88081359228079
31.88081359228079
31.886490725172482
31.886490725172482
31.886490725172482
31.89209460269048
31.89209460269048
31.89209460269048
31.897627091290442
31.897627091290442
31.897627091290442
31.903089986991944
31.903089986991944
31.903089986991944
31.903089986991944
31.903089986991944
31.903089986991944
31.90848501887865
31.90848501887865
31.913813852383715
31.919078092376076
31.919078092376076
31.919078092376076
31.924279286061882
31.924279286061882
31.924279286061882
31.924279286061882
31.924279286061882
31.92941892571429
31.934498451243567
31.934498451243567
31.93951925261862
31.93951925261862
31.94448267215017
31.94448267215017
31.94939000664491
31.94939000664491
31.94939000664491
31.94939000664491
31.94939000664491
31.94939000664491
31.94939000664491
31.959041392321094
31.959041392321094
31.963787827345556
31.963787827345556
31.968482948553934
31.968482948553934
31.968482948553934
31.9731278535997
31.98227123303957
31.98227123303957
31.98227123303957
31.986771734266245
31.991226075692495
31.991226075692495
31.991226075692495
32.
32.
32.
32.
32.
32.
32.
32.
32.
32.
32.
32.04139268515822
32.04139268515822
32.04139268515822
32.04139268515822
32.04139268515822
32.04139268515822
32.04139268515822
32.04139268515822
32.04139268515822
32.04139268515822
32.04139268515822
32.04139268515822
32.04139268515822
32.04139268515822
32.04139268515822
32.079181246047625
32.079181246047625
32.079181246047625
32.079181246047625
32.079181246047625
32.079181246047625
32.079181246047625
32.079181246047625
32.079181246047625
32.079181246047625
32.079181246047625
32.079181246047625
32.079181246047625
32.079181246047625
32.079181246047625
32.079181246047625
32.079181246047625
32.079181246047625
32.079181246047625
32.079181246047625
32.11394335230683
32.11394335230683
32.11394335230683
32.11394335230683
32.11394335230683
32.11394335230683
32.11394335230683
32.11394335230683
32.11394335230683
32.11394335230683
32.11394335230683
32.11394335230683
32.11394335230683
32.11394335230683
32.11394335230683
32.11394335230683
32.11394335230683
32.11394335230683
32.11394335230683
32.11394335230683
32.14612803567824
32.14612803567824
32.14612803567824
32.14612803567824
32.14612803567824
32.14612803567824
32.14612803567824
32.14612803567824
32.14612803567824
32.14612803567824
32.14612803567824
32.14612803567824
32.17609125905568
32.17609125905568
32.17609125905568
32.17609125905568
32.17609125905568
32.17609125905568
32.17609125905568
32.17609125905568
32.17609125905568
32.17609125905568
32.17609125905568
32.204119982655925
32.204119982655925
32.204119982655925
32.204119982655925
32.204119982655925
32.204119982655925
32.204119982655925
32.204119982655925
32.204119982655925
32.204119982655925
32.204119982655925
32.204119982655925
32.204119982655925
32.204119982655925
32.204119982655925
32.204119982655925
32.204119982655925
32.204119982655925
32.204119982655925
32.204119982655925
32.230448921378276
32.230448921378276
32.230448921378276
32.230448921378276
32.230448921378276
32.230448921378276
32.230448921378276
32.230448921378276
32.230448921378276
32.230448921378276
32.230448921378276
32.25527250510331
32.25527250510331
32.25527250510331
32.25527250510331
32.25527250510331
32.25527250510331
32.25527250510331
32.25527250510331
32.25527250510331
32.25527250510331
32.25527250510331
32.25527250510331
32.25527250510331
32.25527250510331
32.27875360095283
32.27875360095283
32.27875360095283
32.27875360095283
32.27875360095283
32.27875360095283
32.27875360095283
32.27875360095283
32.27875360095283
32.30102999566398
32.30102999566398
32.30102999566398
32.30102999566398
32.30102999566398
32.30102999566398
32.30102999566398
32.30102999566398
32.30102999566398
32.30102999566398
32.32221929473392
32.32221929473392
32.32221929473392
32.32221929473392
32.32221929473392
32.32221929473392
32.32221929473392
32.32221929473392
32.3424226808222
32.3424226808222
32.3424226808222
32.3424226808222
32.3424226808222
32.3424226808222
32.3424226808222
32.3424226808222
32.3424226808222
32.3424226808222
32.3424226808222
32.3424226808222
32.3424226808222
32.3424226808222
32.3424226808222
32.36172783601759
32.36172783601759
32.36172783601759
32.36172783601759
32.36172783601759
32.36172783601759
32.36172783601759
32.36172783601759
32.36172783601759
32.36172783601759
32.380211241711606
32.380211241711606
32.380211241711606
32.380211241711606
32.380211241711606
32.380211241711606
32.380211241711606
32.380211241711606
32.380211241711606
32.380211241711606
32.39794000867204
32.39794000867204
32.39794000867204
32.39794000867204
32.39794000867204
32.39794000867204
32.39794000867204
32.39794000867204
32.39794000867204
32.414973347970815
32.414973347970815
32.414973347970815
32.414973347970815
32.414973347970815
32.414973347970815
32.414973347970815
32.43136376415899
32.43136376415899
32.43136376415899
32.44715803134222
32.44715803134222
32.44715803134222
32.44715803134222
32.44715803134222
32.44715803134222
32.44715803134222
32.44715803134222
32.44715803134222
32.44715803134222
32.44715803134222
32.44715803134222
32.44715803134222
32.462397997898954
32.462397997898954
32.462397997898954
32.462397997898954
32.462397997898954
32.462397997898954
32.462397997898954
32.462397997898954
32.462397997898954
32.462397997898954
32.462397997898954
32.462397997898954
32.462397997898954
32.462397997898954
32.47712125471966
32.47712125471966
32.47712125471966
32.47712125471966
32.49136169383427
32.49136169383427
32.49136169383427
32.49136169383427
32.49136169383427
32.49136169383427
32.49136169383427
32.49136169383427
32.49136169383427
32.505149978319906
32.505149978319906
32.505149978319906
32.505149978319906
32.505149978319906
32.518513939877884
32.518513939877884
32.518513939877884
32.518513939877884
32.518513939877884
32.53147891704226
32.53147891704226
32.53147891704226
32.53147891704226
32.53147891704226
32.544068044350276
32.544068044350276
32.544068044350276
32.544068044350276
32.55630250076729
32.568201724066995
32.568201724066995
32.568201724066995
32.568201724066995
32.568201724066995
32.568201724066995
32.568201724066995
32.568201724066995
32.568201724066995
32.568201724066995
32.568201724066995
32.579783596616814
32.579783596616814
32.579783596616814
32.579783596616814
32.591064607026496
32.591064607026496
32.591064607026496
32.591064607026496
32.591064607026496
32.591064607026496
32.591064607026496
32.591064607026496
32.591064607026496
32.591064607026496
32.591064607026496
32.60205999132796
32.60205999132796
32.60205999132796
32.61278385671974
32.61278385671974
32.61278385671974
32.61278385671974
32.61278385671974
32.61278385671974
32.61278385671974
32.61278385671974
32.6232492903979
32.6232492903979
32.6232492903979
32.6232492903979
32.6232492903979
32.6232492903979
32.6232492903979
32.6232492903979
32.63346845557959
32.63346845557959
32.63346845557959
32.643452676486184
32.643452676486184
32.643452676486184
32.643452676486184
32.643452676486184
32.653212513775344
32.653212513775344
32.653212513775344
32.653212513775344
32.653212513775344
32.653212513775344
32.662757831681574
32.662757831681574
32.662757831681574
32.662757831681574
32.662757831681574
32.662757831681574
32.67209785793572
32.67209785793572
32.67209785793572
32.67209785793572
32.67209785793572
32.67209785793572
32.67209785793572
32.67209785793572
32.68124123737559
32.68124123737559
32.68124123737559
32.68124123737559
32.68124123737559
32.68124123737559
32.690196080028514
32.690196080028514
32.690196080028514
32.690196080028514
32.690196080028514
32.690196080028514
32.690196080028514
32.690196080028514
32.69897000433602
32.69897000433602
32.69897000433602
32.69897000433602
32.69897000433602
32.70757017609794
32.70757017609794
32.70757017609794
32.70757017609794
32.70757017609794
32.70757017609794
32.70757017609794
32.716003343634796
32.716003343634796
32.716003343634796
32.716003343634796
32.72427586960079
32.72427586960079
32.73239375982297
32.73239375982297
32.73239375982297
32.74036268949424
32.74036268949424
32.7481880270062
32.7481880270062
32.7481880270062
32.75587485567249
32.75587485567249
32.75587485567249
32.75587485567249
32.763427993562935
32.763427993562935
32.763427993562935
32.763427993562935
32.763427993562935
32.77085201164214
32.77085201164214
32.77085201164214
32.77085201164214
32.778151250383644
32.778151250383644
32.778151250383644
32.778151250383644
32.785329835010764
32.785329835010764
32.79239168949825
32.79239168949825
32.79934054945358
32.79934054945358
32.79934054945358
32.79934054945358
32.80617997398389
32.80617997398389
32.81291335664285
32.81291335664285
32.81291335664285
32.81291335664285
32.81291335664285
32.81291335664285
32.819543935541866
32.819543935541866
32.819543935541866
32.819543935541866
32.82607480270082
32.82607480270082
32.82607480270082
32.83250891270624
32.83250891270624
32.83250891270624
32.838849090737256
32.838849090737256
32.84509804001426
32.84509804001426
32.85125834871908
32.85733249643127
32.85733249643127
32.863322860120455
32.863322860120455
32.863322860120455
32.863322860120455
32.869231719730976
32.869231719730976
32.869231719730976
32.869231719730976
32.8750612633917
32.8750612633917
32.8750612633917
32.8750612633917
32.8750612633917
32.880813592280795
32.880813592280795
32.880813592280795
32.880813592280795
32.88649072517248
32.88649072517248
32.88649072517248
32.88649072517248
32.88649072517248
32.89209460269048
32.89209460269048
32.89762709129044
32.89762709129044
32.89762709129044
32.903089986991944
32.903089986991944
32.903089986991944
32.903089986991944
32.90848501887865
32.91381385238372
32.91381385238372
32.919078092376076
32.919078092376076
32.919078092376076
32.92427928606188
32.92427928606188
32.929418925714295
32.929418925714295
32.929418925714295
32.929418925714295
32.929418925714295
32.93449845124357
32.93951925261862
32.93951925261862
32.944482672150166
32.944482672150166
32.94939000664491
32.954242509439325
32.954242509439325
32.954242509439325
32.95904139232109
32.963787827345556
32.963787827345556
32.968482948553934
32.968482948553934
32.9731278535997
32.9731278535997
32.97772360528885
32.98227123303957
32.98227123303957
32.98677173426624
32.98677173426624
32.98677173426624
32.991226075692495
32.991226075692495
32.99563519459755
33.
33.
33.
33.
33.
33.
33.
33.
33.
33.
33.
33.
33.
33.
33.04139268515822
33.04139268515822
33.04139268515822
33.04139268515822
33.04139268515822
33.04139268515822
33.04139268515822
33.04139268515822
33.04139268515822
33.04139268515822
33.04139268515822
33.04139268515822
33.04139268515822
33.04139268515822
33.04139268515822
33.04139268515822
33.04139268515822
33.04139268515822
33.079181246047625
33.079181246047625
33.079181246047625
33.079181246047625
33.079181246047625
33.079181246047625
33.079181246047625
33.079181246047625
33.079181246047625
33.079181246047625
33.079181246047625
33.079181246047625
33.079181246047625
33.079181246047625
33.079181246047625
33.079181246047625
33.079181246047625
33.079181246047625
33.079181246047625
33.079181246047625
33.079181246047625
33.079181246047625
33.079181246047625
33.079181246047625
33.079181246047625
33.11394335230683
33.11394335230683
33.11394335230683
33.11394335230683
33.11394335230683
33.11394335230683
33.11394335230683
33.11394335230683
33.11394335230683
33.11394335230683
33.11394335230683
33.11394335230683
33.11394335230683
33.11394335230683
33.11394335230683
33.11394335230683
33.14612803567824
33.14612803567824
33.14612803567824
33.14612803567824
33.14612803567824
33.14612803567824
33.14612803567824
33.14612803567824
33.14612803567824
33.14612803567824
33.14612803567824
33.14612803567824
33.14612803567824
33.14612803567824
33.14612803567824
33.14612803567824
33.14612803567824
33.14612803567824
33.14612803567824
33.14612803567824
33.14612803567824
33.14612803567824
33.14612803567824
33.17609125905568
33.17609125905568
33.17609125905568
33.17609125905568
33.17609125905568
33.17609125905568
33.17609125905568
33.17609125905568
33.17609125905568
33.17609125905568
33.17609125905568
33.17609125905568
33.17609125905568
33.17609125905568
33.17609125905568
33.17609125905568
33.17609125905568
33.17609125905568
33.17609125905568
33.204119982655925
33.204119982655925
33.204119982655925
33.204119982655925
33.204119982655925
33.204119982655925
33.204119982655925
33.204119982655925
33.204119982655925
33.204119982655925
33.204119982655925
33.230448921378276
33.230448921378276
33.230448921378276
33.230448921378276
33.230448921378276
33.230448921378276
33.230448921378276
33.230448921378276
33.230448921378276
33.230448921378276
33.230448921378276
33.230448921378276
33.230448921378276
33.230448921378276
33.230448921378276
33.230448921378276
33.25527250510331
33.25527250510331
33.25527250510331
33.25527250510331
33.25527250510331
33.25527250510331
33.25527250510331
33.25527250510331
33.25527250510331
33.25527250510331
33.27875360095283
33.27875360095283
33.27875360095283
33.27875360095283
33.27875360095283
33.27875360095283
33.27875360095283
33.27875360095283
33.27875360095283
33.30102999566398
33.30102999566398
33.30102999566398
33.30102999566398
33.30102999566398
33.30102999566398
33.30102999566398
33.30102999566398
33.30102999566398
33.30102999566398
33.32221929473392
33.32221929473392
33.32221929473392
33.32221929473392
33.32221929473392
33.32221929473392
33.32221929473392
33.32221929473392
33.32221929473392
33.32221929473392
33.3424226808222
33.3424226808222
33.3424226808222
33.3424226808222
33.3424226808222
33.3424226808222
33.3424226808222
33.3424226808222
33.3424226808222
33.36172783601759
33.36172783601759
33.36172783601759
33.36172783601759
33.36172783601759
33.36172783601759
33.380211241711606
33.380211241711606
33.380211241711606
33.380211241711606
33.380211241711606
33.380211241711606
33.380211241711606
33.380211241711606
33.380211241711606
33.380211241711606
33.380211241711606
33.380211241711606
33.39794000867204
33.39794000867204
33.39794000867204
33.39794000867204
33.39794000867204
33.39794000867204
33.39794000867204
33.39794000867204
33.39794000867204
33.39794000867204
33.414973347970815
33.414973347970815
33.414973347970815
33.414973347970815
33.414973347970815
33.414973347970815
33.414973347970815
33.414973347970815
33.414973347970815
33.414973347970815
33.414973347970815
33.43136376415899
33.43136376415899
33.43136376415899
33.43136376415899
33.43136376415899
33.43136376415899
33.43136376415899
33.43136376415899
33.43136376415899
33.44715803134222
33.44715803134222
33.44715803134222
33.44715803134222
33.44715803134222
33.44715803134222
33.44715803134222
33.44715803134222
33.44715803134222
33.44715803134222
33.44715803134222
33.462397997898954
33.462397997898954
33.462397997898954
33.462397997898954
33.462397997898954
33.462397997898954
33.462397997898954
33.47712125471966
33.47712125471966
33.47712125471966
33.47712125471966
33.49136169383427
33.49136169383427
33.49136169383427
33.49136169383427
33.49136169383427
33.49136169383427
33.49136169383427
33.49136169383427
33.49136169383427
33.49136169383427
33.505149978319906
33.505149978319906
33.505149978319906
33.505149978319906
33.505149978319906
33.518513939877884
33.518513939877884
33.518513939877884
33.518513939877884
33.518513939877884
33.53147891704226
33.53147891704226
33.53147891704226
33.53147891704226
33.53147891704226
33.53147891704226
33.53147891704226
33.544068044350276
33.544068044350276
33.544068044350276
33.544068044350276
33.544068044350276
33.544068044350276
33.544068044350276
33.544068044350276
33.544068044350276
33.55630250076729
33.55630250076729
33.55630250076729
33.55630250076729
33.55630250076729
33.55630250076729
33.55630250076729
33.55630250076729
33.55630250076729
33.568201724066995
33.568201724066995
33.568201724066995
33.568201724066995
33.568201724066995
33.57978359661681
33.57978359661681
33.57978359661681
33.57978359661681
33.57978359661681
33.57978359661681
33.57978359661681
33.57978359661681
33.591064607026496
33.591064607026496
33.591064607026496
33.591064607026496
33.591064607026496
33.591064607026496
33.591064607026496
33.591064607026496
33.60205999132796
33.60205999132796
33.60205999132796
33.61278385671974
33.61278385671974
33.61278385671974
33.6232492903979
33.6232492903979
33.63346845557959
33.63346845557959
33.63346845557959
33.63346845557959
33.63346845557959
33.63346845557959
33.643452676486184
33.643452676486184
33.643452676486184
33.643452676486184
33.643452676486184
33.643452676486184
33.643452676486184
33.653212513775344
33.653212513775344
33.653212513775344
33.653212513775344
33.653212513775344
33.653212513775344
33.662757831681574
33.662757831681574
33.662757831681574
33.662757831681574
33.662757831681574
33.662757831681574
33.662757831681574
33.67209785793572
33.68124123737559
33.68124123737559
33.68124123737559
33.68124123737559
33.68124123737559
33.690196080028514
33.690196080028514
33.690196080028514
33.690196080028514
33.690196080028514
33.690196080028514
33.690196080028514
33.690196080028514
33.690196080028514
33.69897000433602
33.69897000433602
33.69897000433602
33.69897000433602
33.69897000433602
33.69897000433602
33.69897000433602
33.69897000433602
33.70757017609794
33.70757017609794
33.70757017609794
33.70757017609794
33.70757017609794
33.716003343634796
33.716003343634796
33.716003343634796
33.716003343634796
33.716003343634796
33.716003343634796
33.72427586960079
33.72427586960079
33.72427586960079
33.72427586960079
33.73239375982297
33.73239375982297
33.74036268949424
33.74036268949424
33.74036268949424
33.7481880270062
33.7481880270062
33.7481880270062
33.7481880270062
33.75587485567249
33.75587485567249
33.75587485567249
33.763427993562935
33.763427993562935
33.763427993562935
33.77085201164214
33.77085201164214
33.77085201164214
33.77085201164214
33.77085201164214
33.785329835010764
33.785329835010764
33.785329835010764
33.79239168949825
33.79239168949825
33.79934054945358
33.79934054945358
33.80617997398389
33.80617997398389
33.80617997398389
33.80617997398389
33.81291335664285
33.819543935541866
33.82607480270082
33.82607480270082
33.83250891270624
33.83250891270624
33.83250891270624
33.83250891270624
33.83250891270624
33.838849090737256
33.838849090737256
33.838849090737256
33.838849090737256
33.838849090737256
33.85733249643127
33.85733249643127
33.863322860120455
33.869231719730976
33.869231719730976
33.88081359228079
33.88081359228079
33.88649072517248
33.89209460269048
33.89762709129044
33.903089986991944
33.90848501887865
33.90848501887865
33.919078092376076
33.92427928606188
33.92427928606188
33.929418925714295
33.929418925714295
33.929418925714295
33.929418925714295
33.929418925714295
33.93449845124357
33.93449845124357
33.93951925261862
33.944482672150166
33.954242509439325
33.95904139232109
33.95904139232109
33.95904139232109
33.963787827345556
33.968482948553934
33.968482948553934
33.9731278535997
33.9731278535997
33.97772360528885
33.97772360528885
33.97772360528885
33.97772360528885
33.98227123303957
33.98227123303957
33.98677173426624
33.991226075692495
34.
34.
34.
34.
34.04139268515822
34.04139268515822
34.04139268515822
34.04139268515822
34.04139268515822
34.04139268515822
34.04139268515822
34.04139268515822
34.04139268515822
34.04139268515822
34.079181246047625
34.079181246047625
34.079181246047625
34.079181246047625
34.079181246047625
34.079181246047625
34.079181246047625
34.079181246047625
34.079181246047625
34.079181246047625
34.079181246047625
34.079181246047625
34.079181246047625
34.11394335230683
34.11394335230683
34.11394335230683
34.11394335230683
34.11394335230683
34.11394335230683
34.11394335230683
34.11394335230683
34.14612803567824
34.14612803567824
34.17609125905568
34.17609125905568
34.17609125905568
34.17609125905568
34.17609125905568
34.17609125905568
34.204119982655925
34.204119982655925
34.204119982655925
34.204119982655925
34.204119982655925
34.204119982655925
34.204119982655925
34.230448921378276
34.230448921378276
34.230448921378276
34.230448921378276
34.230448921378276
34.25527250510331
34.25527250510331
34.25527250510331
34.25527250510331
34.27875360095283
34.27875360095283
34.27875360095283
34.27875360095283
34.27875360095283
34.27875360095283
34.27875360095283
34.27875360095283
34.27875360095283
34.30102999566398
34.32221929473392
34.32221929473392
34.32221929473392
34.3424226808222
34.3424226808222
34.3424226808222
34.3424226808222
34.36172783601759
34.36172783601759
34.36172783601759
34.36172783601759
34.36172783601759
34.36172783601759
34.380211241711606
34.380211241711606
34.39794000867204
34.39794000867204
34.39794000867204
34.414973347970815
34.414973347970815
34.414973347970815
34.43136376415899
34.43136376415899
34.43136376415899
34.44715803134222
34.44715803134222
34.462397997898954
34.462397997898954
34.47712125471966
34.47712125471966
34.47712125471966
34.47712125471966
34.47712125471966
34.49136169383427
34.505149978319906
34.505149978319906
34.505149978319906
34.518513939877884
34.518513939877884
34.53147891704226
34.53147891704226
34.53147891704226
34.544068044350276
34.544068044350276
34.544068044350276
34.544068044350276
34.544068044350276
34.55630250076729
34.55630250076729
34.55630250076729
34.55630250076729
34.568201724066995
34.568201724066995
34.568201724066995
34.568201724066995
34.579783596616814
34.579783596616814
34.579783596616814
34.591064607026496
34.591064607026496
34.591064607026496
34.591064607026496
34.591064607026496
34.60205999132796
34.60205999132796
34.60205999132796
34.60205999132796
34.60205999132796
34.61278385671974
34.61278385671974
34.61278385671974
34.61278385671974
34.6232492903979
34.63346845557959
34.643452676486184
34.643452676486184
34.653212513775344
34.653212513775344
34.653212513775344
34.662757831681574
34.662757831681574
34.67209785793572
34.67209785793572
34.68124123737559
34.690196080028514
34.690196080028514
34.69897000433602
34.69897000433602
34.69897000433602
34.716003343634796
34.716003343634796
34.73239375982297
34.74036268949424
34.7481880270062
34.7481880270062
34.7481880270062
34.7481880270062
34.7481880270062
34.7481880270062
34.7481880270062
34.763427993562935
34.778151250383644
34.778151250383644
34.79239168949825
34.79239168949825
34.79934054945358
34.81291335664285
34.82607480270082
34.83250891270624
34.838849090737256
34.838849090737256
34.84509804001426
34.85125834871908
34.863322860120455
34.869231719730976
34.869231719730976
34.869231719730976
34.8750612633917
34.8750612633917
34.89209460269048
34.89762709129044
34.90848501887865
34.90848501887865
34.91381385238372
34.919078092376076
34.919078092376076
34.929418925714295
34.93449845124357
34.944482672150166
34.95904139232109
34.9731278535997
34.9731278535997
34.98227123303957
34.98227123303957
34.991226075692495
34.99563519459755
35.
35.
35.
35.
35.04139268515822
35.04139268515822
35.079181246047625
35.079181246047625
35.079181246047625
35.079181246047625
35.079181246047625
35.079181246047625
35.11394335230683
35.11394335230683
35.11394335230683
35.11394335230683
35.14612803567824
35.14612803567824
35.14612803567824
35.14612803567824
35.17609125905568
35.204119982655925
35.204119982655925
35.230448921378276
35.230448921378276
35.25527250510331
35.25527250510331
35.27875360095283
35.32221929473392
35.32221929473392
35.32221929473392
35.32221929473392
35.3424226808222
35.3424226808222
35.3424226808222
35.3424226808222
35.36172783601759
35.380211241711606
35.43136376415899
35.43136376415899
35.44715803134222
35.47712125471966
35.47712125471966
35.505149978319906
35.518513939877884
35.53147891704226
35.53147891704226
35.55630250076729
35.55630250076729
35.568201724066995
35.591064607026496
35.591064607026496
35.61278385671974
35.63346845557959
35.63346845557959
35.653212513775344
35.653212513775344
35.653212513775344
35.690196080028514
35.70757017609794
35.7481880270062
35.763427993562935
35.763427993562935
35.79934054945358
35.80617997398389
35.80617997398389
35.863322860120455
35.8750612633917
35.88649072517248
35.903089986991944
35.919078092376076
35.919078092376076
35.919078092376076
35.919078092376076
35.919078092376076
35.94939000664491
35.95904139232109
35.95904139232109
35.95904139232109
36.
36.
36.04139268515822
36.04139268515822
36.04139268515822
36.079181246047625
36.079181246047625
36.079181246047625
36.11394335230683
36.14612803567824
36.14612803567824
36.14612803567824
36.14612803567824
36.204119982655925
36.204119982655925
36.204119982655925
36.230448921378276
36.25527250510331
36.27875360095283
36.30102999566398
36.30102999566398
36.32221929473392
36.3424226808222
36.3424226808222
36.36172783601759
36.39794000867204
36.39794000867204
36.414973347970815
36.414973347970815
36.44715803134222
36.44715803134222
36.462397997898954
36.49136169383427
36.505149978319906
36.53147891704226
36.53147891704226
36.55630250076729
36.568201724066995
36.643452676486184
36.653212513775344
36.662757831681574
36.67209785793572
36.690196080028514
36.74036268949424
36.778151250383644
36.79239168949825
36.80617997398389
36.838849090737256
36.90848501887865
36.991226075692495
37.
37.
37.04139268515822
37.079181246047625
37.079181246047625
37.204119982655925
37.230448921378276
37.3424226808222
37.43136376415899
37.47712125471966
37.53147891704226
37.63346845557959
37.70757017609794
37.7481880270062
38.17609125905568
38.653212513775344
38.690196080028514