-20.
-19.94486215538847
-19.88972431077694
-19.834586466165412
-19.779448621553886
-19.724310776942357
-19.669172932330827
-19.614035087719298
-19.55889724310777
-19.50375939849624
-19.448621553884713
-19.393483709273184
-19.338345864661655
-19.283208020050125
-19.228070175438596
-19.172932330827066
-19.117794486215537
-19.06265664160401
-19.007518796992482
-18.952380952380953
-18.897243107769423
-18.842105263157894
-18.786967418546364
-18.73182957393484
-18.67669172932331
-18.62155388471178
-18.56641604010025
-18.51127819548872
-18.45614035087719
-18.401002506265662
-18.345864661654137
-18.290726817042607
-18.235588972431078
-18.18045112781955
-18.12531328320802
-18.070175438596493
-18.015037593984964
-17.959899749373434
-17.904761904761905
-17.849624060150376
-17.794486215538846
-17.739348370927317
-17.684210526315788
-17.629072681704262
-17.573934837092732
-17.518796992481203
-17.463659147869674
-17.408521303258144
-17.35338345864662
-17.29824561403509
-17.24310776942356
-17.18796992481203
-17.1328320802005
-17.07769423558897
-17.022556390977442
-16.967418546365916
-16.912280701754387
-16.857142857142858
-16.80200501253133
-16.7468671679198
-16.69172932330827
-16.636591478696744
-16.581453634085214
-16.526315789473685
-16.471177944862156
-16.416040100250626
-16.360902255639097
-16.305764411027567
-16.25062656641604
-16.195488721804512
-16.140350877192983
-16.085213032581454
-16.030075187969924
-15.974937343358397
-15.919799498746867
-15.86466165413534
-15.80952380952381
-15.75438596491228
-15.699248120300751
-15.644110275689222
-15.588972431077694
-15.533834586466167
-15.478696741854638
-15.423558897243108
-15.368421052631579
-15.31328320802005
-15.258145363408522
-15.203007518796992
-15.147869674185465
-15.092731829573935
-15.037593984962406
-14.982456140350877
-14.927318295739349
-14.87218045112782
-14.817042606516292
-14.761904761904763
-14.706766917293233
-14.651629072681704
-14.596491228070175
-14.541353383458647
-14.486215538847118
-14.43107769423559
-14.37593984962406
-14.320802005012531
-14.265664160401002
-14.210526315789474
-14.155388471177945
-14.100250626566417
-14.045112781954888
-13.989974937343359
-13.93483709273183
-13.8796992481203
-13.824561403508772
-13.769423558897245
-13.714285714285715
-13.659147869674186
-13.604010025062657
-13.548872180451127
-13.4937343358396
-13.43859649122807
-13.383458646616543
-13.328320802005013
-13.273182957393484
-13.218045112781954
-13.162907268170427
-13.107769423558898
-13.05263157894737
-12.99749373433584
-12.942355889724311
-12.887218045112782
-12.832080200501252
-12.776942355889725
-12.721804511278195
-12.666666666666668
-12.611528822055138
-12.556390977443609
-12.50125313283208
-12.446115288220552
-12.390977443609023
-12.335839598997495
-12.280701754385966
-12.225563909774436
-12.170426065162907
-12.115288220551378
-12.06015037593985
-12.005012531328322
-11.949874686716793
-11.894736842105264
-11.839598997493734
-11.784461152882207
-11.729323308270677
-11.674185463659148
-11.61904761904762
-11.563909774436091
-11.508771929824562
-11.453634085213032
-11.398496240601505
-11.343358395989975
-11.288220551378446
-11.233082706766918
-11.177944862155389
-11.12280701754386
-11.067669172932332
-11.012531328320803
-10.957393483709273
-10.902255639097746
-10.847117794486216
-10.791979949874687
-10.736842105263158
-10.68170426065163
-10.6265664160401
-10.571428571428571
-10.516290726817044
-10.461152882205514
-10.406015037593985
-10.350877192982457
-10.295739348370928
-10.240601503759398
-10.18546365914787
-10.130325814536342
-10.075187969924812
-10.020050125313285
-9.964912280701755
-9.909774436090226
-9.854636591478698
-9.799498746867169
-9.74436090225564
-9.68922305764411
-9.634085213032582
-9.578947368421053
-9.523809523809524
-9.468671679197996
-9.413533834586467
-9.358395989974937
-9.30325814536341
-9.24812030075188
-9.192982456140351
-9.137844611528823
-9.082706766917294
-9.027568922305765
-8.972431077694235
-8.917293233082708
-8.862155388471178
-8.807017543859649
-8.751879699248121
-8.696741854636592
-8.641604010025063
-8.586466165413535
-8.531328320802006
-8.476190476190476
-8.421052631578949
-8.36591478696742
-8.31077694235589
-8.255639097744362
-8.200501253132833
-8.145363408521304
-8.090225563909776
-8.035087719298247
-7.979949874686717
-7.924812030075188
-7.86967418546366
-7.814536340852131
-7.7593984962406015
-7.704260651629074
-7.6491228070175445
-7.593984962406015
-7.538847117794488
-7.483709273182958
-7.428571428571429
-7.373433583959901
-7.318295739348372
-7.2631578947368425
-7.208020050125313
-7.1528822055137855
-7.097744360902256
-7.042606516290727
-6.987468671679199
-6.93233082706767
-6.87719298245614
-6.822055137844613
-6.766917293233083
-6.711779448621554
-6.6566416040100265
-6.601503759398497
-6.546365914786968
-6.49122807017544
-6.436090225563911
-6.380952380952381
-6.325814536340854
-6.270676691729324
-6.215538847117795
-6.160401002506266
-6.105263157894738
-6.050125313283209
-5.994987468671679
-5.939849624060152
-5.884711779448622
-5.829573934837093
-5.774436090225565
-5.719298245614036
-5.664160401002507
-5.609022556390979
-5.55388471177945
-5.49874686716792
-5.443609022556391
-5.388471177944863
-5.333333333333334
-5.2781954887218046
-5.223057644110277
-5.167919799498748
-5.112781954887218
-5.057644110275691
-5.002506265664161
-4.947368421052632
-4.892230576441104
-4.837092731829575
-4.7819548872180455
-4.726817042606518
-4.6716791979949885
-4.616541353383459
-4.561403508771932
-4.506265664160402
-4.451127819548873
-4.3959899749373434
-4.340852130325816
-4.2857142857142865
-4.230576441102757
-4.1754385964912295
-4.1203007518797
-4.065162907268171
-4.010025062656643
-3.954887218045112
-3.899749373433586
-3.844611528822057
-3.7894736842105274
-3.734335839598998
-3.6791979949874687
-3.6240601503759393
-3.5689223057644135
-3.513784461152884
-3.4586466165413547
-3.4035087719298254
-3.348370927318296
-3.2932330827067666
-3.238095238095241
-3.1829573934837114
-3.127819548872182
-3.0726817042606527
-3.0175438596491233
-2.962406015037594
-2.9072681704260646
-2.8521303258145387
-2.7969924812030094
-2.74185463659148
-2.6867167919799506
-2.6315789473684212
-2.576441102756892
-2.521303258145366
-2.4661654135338367
-2.4110275689223073
-2.355889724310778
-2.3007518796992485
-2.245614035087719
-2.19047619047619
-2.135338345864664
-2.0802005012531346
-2.0250626566416052
-1.9699248120300759
-1.9147869674185465
-1.859649122807017
-1.8045112781954913
-1.749373433583962
-1.6942355889724325
-1.6390977443609032
-1.5839598997493738
-1.5288220551378444
-1.473684210526315
-1.4185463659147892
-1.3634085213032598
-1.3082706766917305
-1.253132832080201
-1.1979949874686717
-1.1428571428571423
-1.0877192982456165
-1.0325814536340872
-0.9774436090225578
-0.9223057644110284
-0.867167919799499
-0.8120300751879697
-0.7568922305764438
-0.7017543859649145
-0.6466165413533851
-0.5914786967418557
-0.5363408521303263
-0.48120300751879697
-0.4260651629072676
-0.37092731829574177
-0.3157894736842124
-0.26065162907268297
-0.20551378446115362
-0.15037593984962427
-0.09523809523809489
-0.0401002506265691
0.015037593984960263
0.0701754385964897
0.12531328320801907
0.1804511278195484
0.23558897243107776
0.2907268170426036
0.34586466165413304
0.40100250626566236
0.45614035087719174
0.5112781954887211
0.5664160401002505
0.6215538847117799
0.6766917293233057
0.731829573934835
0.7869674185463644
0.8421052631578938
0.8972431077694232
0.9523809523809526
1.0075187969924784
1.0626566416040077
1.1177944862155371
1.1729323308270665
1.2280701754385959
1.2832080200501252
1.3383458646616546
1.3934837092731804
1.4486215538847098
1.5037593984962392
1.5588972431077686
1.614035087719298
1.6691729323308273
1.7243107769423531
1.7794486215538825
1.8345864661654119
1.8897243107769413
1.9448621553884706
2.