-6.3343235112066765
-6.315944229669501
-6.297564948132328
-6.279185666595153
-6.26080638505798
-6.242427103520806
-6.224047821983633
-6.205668540446459
-6.187289258909287
-6.168909977372113
-6.150530695834941
-6.132151414297768
-6.113772132760595
-6.095392851223423
-6.077013569686251
-6.05863428814908
-6.04025500661191
-6.021875725074741
-6.003496443537571
-5.985117162000401
-5.966737880463232
-5.948358598926064
-5.929979317388897
-5.911600035851731
-5.893220754314562
-5.874841472777397
-5.856462191240232
-5.8380829097030675
-5.819703628165905
-5.801324346628743
-5.7829450650915835
-5.764565783554423
-5.746186502017266
-5.727807220480108
-5.7094279389429525
-5.6910486574058
-5.672669375868648
-5.654290094331498
-5.63591081279435
-5.617531531257204
-5.599152249720059
-5.580772968182918
-5.562393686645781
-5.544014405108648
-5.525635123571517
-5.5072558420343904
-5.488876560497267
-5.470497278960149
-5.452117997423036
-5.433738715885929
-5.415359434348827
-5.396980152811731
-5.378600871274643
-5.360221589737563
-5.34184230820049
-5.323463026663426
-5.305083745126375
-5.286704463589333
-5.268325182052305
-5.24994590051529
-5.23156661897829
-5.2131873374413065
-5.194808055904342
-5.176428774367396
-5.158049492830472
-5.139670211293572
-5.121290929756698
-5.1029116482198535
-5.084532366683043
-5.066153085146264
-5.047773803609526
-5.02939452207283
-5.0110152405361825
-4.992635958999588
-4.974256677463049
-4.9558773959265725
-4.937498114390167
-4.9191188328538376
-4.900739551317592
-4.882360269781439
-4.863980988245388
-4.845601706709452
-4.8272224251736375
-4.808843143637961
-4.790463862102433
-4.77208458056707
-4.753705299031888
-4.735326017496905
-4.71694673596214
-4.698567454427616
-4.680188172893356
-4.661808891359383
-4.643429609825727
-4.625050328292419
-4.606671046759492
-4.588291765226977
-4.569912483694917
-4.551533202163354
-4.533153920632331
-4.5147746391018995
-4.496395357572112
-4.478016076043025
-4.459636794514704
-4.441257512987213
-4.422878231460624
-4.404498949935017
-4.386119668410472
-4.367740386887079
-4.349361105364934
-4.330981823844139
-4.312602542324804
-4.294223260807046
-4.27584397929099
-4.257464697776769
-4.239085416264524
-4.220706134754409
-4.202326853246584
-4.183947571741221
-4.165568290238506
-4.147189008738628
-4.128809727241801
-4.110430445748245
-4.092051164258195
-4.073671882771906
-4.055292601289648
-4.036913319811709
-4.018534038338401
-4.000154756870055
-3.9817754754070322
-3.9633961939497193
-3.945016912498533
-3.92663763105393
-3.908258349616399
-3.889879068186479
-3.871499786764752
-3.853120505351861
-3.8347412239485053
-3.816361942555456
-3.7979826611735583
-3.779603379803748
-3.7612240984470517
-3.7428448171046096
-3.7244655357776786
-3.7060862544676527
-3.6877069731760757
-3.669327691904655
-3.650948410655285
-3.6325691294300664
-3.614189848231326
-3.5958105670616436
-3.5774312859238773
-3.5590520048211918
-3.5406727237570914
-3.5222934427354518
-3.50391416176056
-3.4855348808371547
-3.4671555999704666
-3.448776319166271
-3.430397038430934
-3.412017757771472
-3.3936384771956067
-3.375259196711833
-3.3568799163294867
-3.3385006360588125
-3.320121355911049
-3.301742075898506
-3.283362796034654
-3.2649835163342122
-3.2466042368132495
-3.2282249574892807
-3.2098456783813716
-3.1914663995102472
-3.173087120898406
-3.1547078425702293
-3.1363285645521013
-3.117949286872527
-3.0995700095622545
-3.081190732654399
-3.062811456184568
-3.044432180190987
-3.0260529047146374
-3.0076736297993865
-2.9892943554921283
-2.9709150818429393
-2.9525358089052376
-2.9341565367359577
-2.9157772653957563
-2.8973979949492334
-2.879018725465203
-2.860639457016989
-2.8422601896828033
-2.8238809235461724
-2.8055016586964556
-2.7871223952294684
-2.768743133248212
-2.750363872863751
-2.7319846141962403
-2.7136053573761325
-2.6952261025455835
-2.676846849860081
-2.6584675994903066
-2.640088351624258
-2.6217091064696416
-2.603329864256558
-2.5849506252404684
-2.5665713897054663
-2.5481921579678457
-2.529812930379957
-2.511433707334334
-2.493054489268092
-2.474675276667552
-2.4562960700730727
-2.437916870084067
-2.4195376773641524
-2.4011584926464105
-2.3827793167387252
-2.3644001505291503
-2.3460209949912936
-2.3276418511896835
-2.3092627202851124
-2.290883603539935
-2.272504502323343
-2.2541254181166357
-2.2357463525185133
-2.217367307250471
-2.198988284162381
-2.1806092852383863
-2.1622303126032607
-2.143851409272894
-2.125472488974376
-2.107093600640182
-2.088714747089022
-2.070335931383362
-2.051957156850875
-2.0335784271082704
-2.01519974608776
-1.9968211180664135
-1.97844254769862
-1.9600640400518374
-1.9416856006457504
-1.923307235494909
-1.9049289511549041
-1.8865507547720624
-1.868172654136682
-1.849794657739848
-1.8314167748339392
-1.8130390154970606
-1.7946613907018105
-1.7762839144779494
-1.7579065959712545
-1.7395294508590784
-1.7211524944583376
-1.70277574343916
-1.6843992159444654
-1.6660229317201292
-1.6476469122566446
-1.6292711809433225
-1.6108955839111971
-1.5925206868403832
-1.5741459819095718
-1.5557716812618307
-1.5373978206155217
-1.519024441518663
-1.5006515800573366
-1.4822792855989162
-1.463907608387731
-1.44553660485877
-1.4271663320693924
-1.408796855188952
-1.3904282445551848
-1.372060576725626
-1.3536939350283028
-1.335328410161311
-1.3169641008456396
-1.2986011145360048
-1.2802395681948713
-1.2618795891353414
-1.2435213159390532
-1.2251648994558404
-1.206810506585833
-1.1884583098925905
-1.1701085072380946
-1.1517612340023529
-1.133416951916782
-1.1150756807615698
-1.0967377706424983
-1.0784035191186234
-1.060073250159227
-1.0417473165001958
-1.0234261022129083
-1.005110025505187
-0.9867995417757952
-0.9684951478643047
-0.9501973820246359
-0.9319068331899664
-0.9136241420827161
-0.8953500066432094
-0.8770851870318794
-0.8588305114456649
-0.8405868821477486
-0.8223552822279171
-0.8041367829674824
-0.7859325518950572
-0.7677438615977701
-0.7495720962208361
-0.7314187747853043
-0.7132855436192845
-0.6951742013200026
-0.6770867099445345
-0.659025210263083
-0.6409920385016631
-0.6229897447442395
-0.6050211131811202
-0.5870891844090989
-0.5691972800111534
-0.5513490296706848
-0.5335484011078215
-0.5157997331635666
-0.49810777240170806
-0.480477713649047
-0.46291524495241826
-0.4454265974975446
-0.4280186011114775
-0.41069874605905454
-0.3934752519465464
-0.37635714466481973
-0.3593543424427152
-0.3424777522421315
-0.3257393779133772
-0.3091524417470921
-0.2927315213126159
-0.2764927037681252
-0.2604537601722029
-0.24463434272779946
-0.22905620835729834
-0.21374347255225817
-0.19872289807582683
-0.1840242238331504
-0.16968054008770372
-0.1557287171826245
-0.1422098961019561
-0.12917005051603617
-0.11666063151324942
-0.10473930797164743
-0.09347082038327778
-0.08292794555506282
-0.07319265184304342
-0.06435736819734758
-0.056526492931478156
-0.04981811241794668
-0.04436598382989728
-0.040321817888281625
-0.03785790550891862
-0.037170137808792664
-0.038481474988937794
-0.04204592618110072
-0.048153109456374826
-0.057133468894958135
-0.06936423401040154
-0.08527621582916281
-0.10536154450854653
-0.13018246415233523
-0.16038131384598944
-0.19669183893573283
-0.23995199400390618
-0.29111841979780484
-0.35128280101040465
-0.42169034104368
-0.5037606244450119
-0.5991111783013982
-0.7095840911562193
-0.8372761025749779
-0.9845726388780103
-1.1541863413300082
-1.3492007128194972
-1.5731195985074227
-1.8299233159936705
-2.124132362453868
-2.4608797514879224
-2.8459931729988126
-3.286088327771794
-3.788674966946348
-4.362277369109367
-5.016571217131342
-5.762539097833929
-6.612647144276779
-7.581045678078493
-8.683797093345154
-9.939134660787431
-11.367756427562426
-12.993158953287894
-14.842016264619657
-16.944610140036197
-19.33531866473348
-22.05317093607575
-25.14247686798066
-28.653542255101947
-32.64348063424025
-37.17713504321528
-42.32812455168779